UnitID,Institution Name,Grand total (EF2019  All students  Undergraduate total),Full time total (EF2019  All students  Undergraduate total),Full time men (EF2019  All students  Undergraduate total),Full time women (EF2019  All students  Undergraduate total),Grand total (EF2018_RV  All students  Undergraduate total),Full time total (EF2018_RV  All students  Undergraduate total),Full time men (EF2018_RV  All students  Undergraduate total),Full time women (EF2018_RV  All students  Undergraduate total),Grand total (EF2017_RV  All students  Undergraduate total),Full time total (EF2017_RV  All students  Undergraduate total),Full time men (EF2017_RV  All students  Undergraduate total),Full time women (EF2017_RV  All students  Undergraduate total),Grand total (EF2016_RV  All students  Undergraduate total),Full time total (EF2016_RV  All students  Undergraduate total),Full time men (EF2016_RV  All students  Undergraduate total),Full time women (EF2016_RV  All students  Undergraduate total),Grand total (EF2015_RV  All students  Undergraduate total),Full time total (EF2015_RV  All students  Undergraduate total),Full time men (EF2015_RV  All students  Undergraduate total),Full time women (EF2015_RV  All students  Undergraduate total),Grand total (EF2014_RV  All students  Undergraduate total),Full time total (EF2014_RV  All students  Undergraduate total),Full time men (EF2014_RV  All students  Undergraduate total),Full time women (EF2014_RV  All students  Undergraduate total),Grand total (EF2013_RV  All students  Undergraduate total),Full time total (EF2013_RV  All students  Undergraduate total),Full time men (EF2013_RV  All students  Undergraduate total),Full time women (EF2013_RV  All students  Undergraduate total),
131159,American University,8527,8207,3138,5069,8287,7952,3044,4908,8123,7764,2928,4836,7900,7544,2790,4754,7909,7540,2796,4744,7706,7386,2782,4604,7340,6985,2714,4271,
222831,Angelo State University,8981,5469,2351,3118,8672,5459,2429,3030,8719,5332,2389,2943,8032,5169,2317,2852,7177,4716,2121,2595,5359,4608,2152,2456,5473,4698,2195,2503,
197869,Appalachian State University,17518,16622,7263,9359,17381,16421,7236,9185,17017,16071,7201,8870,16595,15542,7014,8528,16290,15351,7112,8239,16255,15312,7156,8156,16025,15115,7141,7974,
448886,Arizona State University-Downtown Phoenix,8513,7827,2369,5458,8702,7787,2430,5357,8902,7956,2534,5422,9238,8238,2745,5493,9175,8235,2759,5476,9150,8067,2672,5395,8564,7577,2487,5090,
483124,Arizona State University-Skysong,34540,13369,4642,8727,29780,11473,4122,7351,24346,9703,3655,6048,20594,8931,3471,5460,16220,7663,3095,4568,11342,4996,2018,2978,8227,4240,1624,2616,
104151,Arizona State University-Tempe,44461,41182,22575,18607,42844,39396,21843,17553,42427,38814,21868,16946,42477,38946,22101,16845,41828,38212,21579,16633,39961,36264,20309,15955,38730,34989,19401,15588,
106458,Arkansas State University-Main Campus,8928,6439,2739,3700,9350,6789,2887,3902,9604,6894,2958,3936,9839,7305,3222,4083,9592,7295,3193,4102,9857,7465,3275,4190,10098,7645,3289,4356,
106467,Arkansas Tech University,11015,6584,3119,3465,11151,6396,3039,3357,10781,6729,3220,3509,11053,6785,3197,3588,11191,7065,3361,3704,11099,7028,3285,3743,10482,7063,3334,3729,
100858,Auburn University,24594,22527,11495,11032,24628,22460,11341,11119,23964,21762,10827,10935,22658,20396,10129,10267,21786,19738,9855,9883,20629,18853,9420,9433,19799,18011,8973,9038,
219602,Austin Peay State University,9971,6773,2718,4055,9871,6993,2816,4177,9591,7065,2862,4203,9513,6956,2834,4122,9184,6751,2702,4049,9246,6798,2752,4046,9550,6866,2769,4097,
109785,Azusa Pacific University,5136,4411,1541,2870,5657,5003,1741,3262,5671,5075,1738,3337,5770,5259,1803,3456,5883,5356,1893,3463,5918,5400,1929,3471,6543,5683,2056,3627,
150136,Ball State University,16702,14693,5876,8817,16069,14828,6027,8801,17004,15203,6211,8992,17011,15110,6170,8940,16602,14716,6026,8690,16415,15018,6262,8756,16300,15128,6347,8781,
223232,Baylor University,14108,13906,5607,8299,14188,13976,5636,8340,14316,14100,5804,8296,14348,14109,5924,8185,14189,13946,5826,8120,13859,13613,5700,7913,13292,13059,5442,7617,
196079,Binghamton University,14165,13845,6856,6989,14021,13630,6829,6801,13737,13345,6781,6564,13632,13185,6770,6415,13491,13054,6792,6262,13412,12908,6746,6162,12997,12559,6687,5872,
142115,Boise State University,22896,13104,5859,7245,22033,12787,5771,7016,20744,12477,5700,6777,20186,12375,5868,6507,19103,12034,5841,6193,19333,12155,5917,6238,19026,12452,6030,6422,
164924,Boston College,9901,9666,4538,5128,9927,9696,4571,5125,9921,9681,4559,5122,9870,9647,4470,5177,9796,9541,4489,5052,9856,9526,4406,5120,9698,9390,4379,5011,
164988,Boston University,17983,16978,6933,10045,18515,17396,6928,10468,18080,16840,6602,10238,17944,16628,6430,10198,17932,16585,6474,10111,18017,16619,6454,10165,18165,16593,6538,10055,
201441,Bowling Green State University-Main Campus,15103,12936,5611,7325,14858,12987,5699,7288,14680,13104,5665,7439,14852,13184,5692,7492,14334,13214,5610,7604,14099,12993,5608,7385,14477,13387,5788,7599,
165024,Bridgewater State University,9463,7681,3134,4547,9504,7877,3228,4649,9558,7858,3226,4632,9562,7826,3198,4628,9608,7933,3220,4713,9628,8019,3260,4759,9615,8034,3336,4698,
142522,Brigham Young University-Idaho,39145,18448,8574,9874,42341,18335,8463,9872,51881,17230,7908,9322,44821,16538,7540,8998,43803,16943,7728,9215,36624,15609,6998,8611,27692,14376,6357,8019,
230038,Brigham Young University-Provo,31292,28288,13997,14291,31441,28253,14164,14089,31233,28156,14388,13768,30979,28012,14524,13488,30221,27339,14359,12980,27163,24499,13309,11190,27765,25084,13535,11549,
217156,Brown University,7160,6826,3257,3569,7043,6735,3118,3617,6988,6666,3148,3518,6926,6565,3136,3429,6652,6318,3015,3303,6548,6255,3049,3206,6455,6168,2998,3170,
110361,California Baptist University,8190,7333,2770,4563,7855,6859,2617,4242,7414,6367,2408,3959,6937,5885,2168,3717,6630,5674,2147,3527,6435,5571,2083,3488,5797,5086,1861,3225,
110422,California Polytechnic State University-San Luis Obispo,20503,19685,10105,9580,21098,20333,10438,9895,21351,20584,10662,9922,20426,19703,10334,9369,20049,19318,10245,9073,19246,18578,9981,8597,18739,18058,9836,8222,
110529,California State Polytechnic University-Pomona,26454,23596,12333,11263,24934,21824,11510,10314,24319,21668,11509,10159,23733,21148,11458,9690,22157,19615,10782,8833,22395,19717,10938,8779,20952,18410,10251,8159,
110486,California State University-Bakersfield,9981,8452,3183,5269,9368,7887,3022,4865,8814,7502,2936,4566,8179,7066,2784,4282,8108,7299,2805,4494,7634,6786,2617,4169,7350,6519,2528,3991,
110538,California State University-Chico,16164,15000,7021,7979,16483,15254,7161,8093,16710,15446,7252,8194,16471,15246,7187,8059,16127,14934,7043,7891,16079,14884,7088,7796,15290,14207,6805,7402,
110547,California State University-Dominguez Hills,15365,12103,4591,7512,13899,10745,3991,6754,13278,10084,3796,6288,12685,9320,3516,5804,12620,9176,3440,5736,12682,8796,3247,5549,12481,8574,3182,5392,
110574,California State University-East Bay,13202,10635,4168,6467,12836,10187,3924,6263,13474,11539,4400,7139,13407,11578,4490,7088,13058,11138,4266,6872,12340,10720,4019,6701,12146,10546,4030,6516,
110556,California State University-Fresno,21541,18901,7635,11266,22125,19369,7841,11528,22261,19432,8037,11395,21530,18843,7873,10970,21482,18671,7782,10889,20511,17745,7409,10336,20295,17571,7471,10100,
110565,California State University-Fullerton,35335,28820,12271,16549,34860,27936,12066,15870,35162,28475,12291,16184,34576,27994,12213,15781,33144,27105,11914,15191,32726,26762,11781,14981,33116,26682,11751,14931,
110583,California State University-Long Beach,33054,28752,12398,16354,31690,27617,11823,15794,31566,27507,11756,15751,32345,27953,12048,15905,32195,27829,12047,15782,31642,27227,11802,15425,30593,25815,11042,14773,
110592,California State University-Los Angeles,22797,19729,8198,11531,24223,20748,8724,12024,24818,21004,8920,12084,24074,20022,8286,11736,23458,20380,8383,11997,20681,17745,7245,10500,19589,16280,6691,9589,
110608,California State University-Northridge,34799,29320,12985,16335,35051,29289,13203,16086,35839,29739,13426,16313,35756,29104,13119,15985,37188,30281,13689,16592,35616,29341,13189,16152,33771,28200,12656,15544,
110617,California State University-Sacramento,28819,24105,10555,13550,28813,23676,10410,13266,28454,23491,10202,13289,27951,23234,10061,13173,27723,22165,9549,12616,26739,21352,9121,12231,26094,21094,8982,12112,
110510,California State University-San Bernardino,18282,16549,6465,10084,17967,16166,6325,9841,18327,16381,6537,9844,18476,16478,6495,9983,17762,15869,6257,9612,16743,14796,5688,9108,16191,14299,5476,8823,
366711,California State University-San Marcos,14837,12155,4617,7538,14923,11895,4448,7447,14615,11634,4367,7267,12567,10469,3996,6473,12184,10185,3903,6282,11559,9666,3755,5911,10738,8852,3436,5416,
110495,California State University-Stanislaus,9723,8262,2832,5430,9293,7855,2618,5237,9057,7621,2590,5031,8620,7217,2549,4668,8099,6781,2434,4347,7847,6699,2378,4321,7754,6547,2332,4215,
156365,Campbellsville University,4740,2458,1002,1456,4020,2269,964,1305,3704,2128,932,1196,2732,2008,897,1111,2697,1879,887,992,2992,1894,901,993,3048,1982,937,1045,
211440,Carnegie Mellon University,6618,6425,3239,3186,6589,6343,3231,3112,6533,6298,3278,3020,6283,6069,3261,2808,6049,5853,3221,2632,5888,5699,3226,2473,5917,5723,3303,2420,
201645,Case Western Reserve University,5383,5237,2843,2394,5261,5095,2796,2299,5150,4978,2763,2215,5152,4990,2744,2246,5121,5019,2763,2256,4911,4766,2591,2175,4661,4528,2500,2028,
128771,Central Connecticut State University,9045,7253,3783,3470,9546,7576,3990,3586,9554,7605,3984,3621,9538,7539,4006,3533,9799,7702,4111,3591,9871,7702,4068,3634,9771,7624,4003,3621,
169248,Central Michigan University,14627,12798,5304,7494,16387,14264,6073,8191,17804,15585,6723,8862,19877,17190,7451,9739,20415,17669,7748,9921,20671,17976,7938,10038,20534,17880,7911,9969,
234827,Central Washington University,11111,9977,4774,5203,11042,9954,4845,5109,12080,10446,4997,5449,11119,9482,4650,4832,11112,9103,4479,4624,10964,8753,4293,4460,10423,8996,4476,4520,
217882,Clemson University,20195,19486,9751,9735,19669,18971,9627,9344,19402,18642,9544,9098,18599,17883,9311,8572,18016,17238,9058,8180,17260,16572,8819,7753,16931,16050,8590,7460,
202134,Cleveland State University,11564,9097,4272,4825,11999,9348,4468,4880,12078,9268,4364,4904,12352,9221,4401,4820,12101,9124,4370,4754,11826,8673,4124,4549,12133,8998,4174,4824,
218724,Coastal Carolina University,9760,8810,3952,4858,9917,8941,4135,4806,9898,9021,4190,4831,9747,8864,4220,4644,9615,8771,4121,4650,9364,8502,3941,4561,8867,8032,3762,4270,
217819,College of Charleston,9600,8762,3009,5753,9880,9103,3148,5955,9895,9083,3249,5834,10375,9524,3404,6120,10468,9590,3452,6138,10440,9608,3502,6106,10488,9708,3573,6135,
190558,College of Staten Island CUNY,11700,9124,4231,4893,12211,9567,4489,5078,12509,9710,4499,5211,12533,9585,4291,5294,12725,9718,4342,5376,13345,10045,4543,5502,13465,9784,4450,5334,
126818,Colorado State University-Fort Collins,25789,22247,10455,11792,25962,22527,10783,11744,25523,22154,10470,11684,25177,21977,10489,11488,23917,20769,10000,10769,23598,20456,9737,10719,23548,20400,9766,10634,
476975,Colorado State University-Global Campus,8114,1796,728,1068,8054,2047,780,1267,8459,2170,892,1278,8168,2181,918,1263,7195,1943,849,1094,6907,2841,1292,1549,5578,2377,1125,1252,
177065,Columbia College,9387,3620,1411,2209,11416,4469,1815,2654,12754,5163,2131,3032,15588,6378,2440,3938,13869,8179,3320,4859,15639,9177,3811,5366,15998,9442,3799,5643,
190150,Columbia University in the City of New York,8221,7701,4015,3686,8216,7666,4085,3581,8147,7578,4088,3490,8124,7552,4044,3508,8102,7523,3990,3533,8100,7496,3926,3570,7970,7374,3881,3493,
190415,Cornell University,15043,15038,6939,8099,15182,15175,7137,8038,14907,14898,7084,7814,14566,14556,6986,7570,14315,14303,6932,7371,14282,14269,7021,7248,14393,14380,7048,7332,
190512,CUNY Bernard M Baruch College,15482,12091,6479,5612,15024,11495,6034,5461,15253,11598,6016,5582,15210,11288,5809,5479,15254,11233,5790,5443,14857,10865,5706,5159,14082,10396,5529,4867,
190549,CUNY Brooklyn College,14970,11189,4864,6325,14978,11142,4860,6282,14689,10786,4672,6114,14406,10198,4295,5903,14207,10175,4280,5895,14115,9897,4155,5742,13596,9543,3987,5556,
190567,CUNY City College,13030,10196,4795,5401,13186,10248,4840,5408,13210,10225,4953,5272,13317,10067,4932,5135,13201,9734,4807,4927,12893,9430,4564,4866,12501,9274,4391,4883,
190594,CUNY Hunter College,17121,12991,4624,8367,17212,13111,4621,8490,16844,12612,4409,8203,16723,12223,4378,7845,16550,12033,4252,7781,16879,12142,4291,7851,16689,11747,4189,7558,
190600,CUNY John Jay College of Criminal Justice,13746,11200,4493,6707,13319,10740,4278,6462,12916,10276,4335,5941,12674,9831,4140,5691,12969,10130,4353,5777,13305,10225,4398,5827,13217,10374,4531,5843,
190637,CUNY Lehman College,13002,8066,2698,5368,12639,7794,2605,5189,11978,7216,2426,4790,11320,6600,2208,4392,10800,6259,2082,4177,10326,5925,1987,3938,9886,5643,1886,3757,
190664,CUNY Queens College,16866,12532,5802,6730,16620,12201,5633,6568,16680,12149,5570,6579,16326,11693,5259,6434,16100,11555,5117,6438,15773,11079,4951,6128,15351,10769,4775,5994,
144740,DePaul University,14214,12784,5919,6865,14507,12795,5946,6849,14816,12886,6123,6763,15407,13168,6265,6903,15961,13664,6477,7187,16153,13643,6396,7247,16420,13594,6364,7230,
212054,Drexel University,15414,13878,7504,6374,15724,13942,7521,6421,15534,13572,7425,6147,15552,13303,7489,5814,16464,14101,7974,6127,16896,14365,8110,6255,16616,13977,7920,6057,
198419,Duke University,6649,6597,3267,3330,6682,6659,3311,3348,6696,6669,3315,3354,6609,6577,3304,3273,6639,6611,3373,3238,6626,6601,3303,3298,6646,6629,3282,3347,
198464,East Carolina University,23081,19204,8357,10847,23071,19562,8497,11065,23265,19999,8657,11342,22969,19754,8412,11342,23039,19336,8132,11204,22252,18903,7897,11006,21508,18500,7704,10796,
220075,East Tennessee State University,11153,9228,3804,5424,11268,9533,4070,5463,11323,9641,4230,5411,11065,9371,4095,5276,11392,9455,4176,5279,11550,9574,4188,5386,11820,9727,4201,5526,
156620,Eastern Kentucky University,12662,9908,4175,5733,13398,10451,4458,5993,14143,10744,4628,6116,14293,11010,4821,6189,14327,11332,4914,6418,13939,11166,4928,6238,13891,10969,4900,6069,
169798,Eastern Michigan University,14872,10572,4225,6347,15730,11403,4535,6868,17217,12410,5036,7374,17682,12880,5192,7688,17951,13079,5286,7793,18340,13101,5356,7745,19189,13542,5727,7815,
235097,Eastern Washington University,10756,9498,4257,5241,11408,9910,4551,5359,11473,10060,4674,5386,11217,10032,4679,5353,11300,10163,4697,5466,12411,10061,4617,5444,11678,9715,4490,5225,
426314,Embry-Riddle Aeronautical University-Worldwide,10304,2588,2176,412,10466,2532,2167,365,10457,2574,2235,339,10066,2585,2264,321,9951,2822,2472,350,9755,2736,2405,331,9789,2898,2569,329,
139658,Emory University,7118,7012,2835,4177,7086,6985,2794,4191,6937,6794,2762,4032,6861,6714,2754,3960,6867,6751,2825,3926,7829,7732,3375,4357,7836,7676,3321,4355,
196680,Excelsior College,22674,,,,27207,,,,31039,,,,38297,,,,39735,,,,38426,,,,37440,,,,
169910,Ferris State University,11184,7779,3819,3960,11896,8079,4015,4064,12512,8469,4299,4170,12866,8785,4445,4340,13348,9103,4648,4455,13373,9105,4636,4469,13477,9255,4751,4504,
133650,Florida Agricultural and Mechanical University,7818,6802,2281,4521,8137,6958,2401,4557,8024,6875,2373,4502,7769,6623,2304,4319,8128,6968,2494,4474,8495,7230,2706,4524,8930,8040,3081,4959,
133669,Florida Atlantic University,24740,16678,7334,9344,24376,16436,7208,9228,25030,16325,7224,9101,25402,16252,7211,9041,25471,16116,7145,8971,25476,15561,6974,8587,25790,15891,7187,8704,
433660,Florida Gulf Coast University,13722,11211,4862,6349,13877,11191,4904,6287,13854,10973,4789,6184,13733,10826,4749,6077,13739,10803,4702,6101,13345,10578,4603,5975,12907,10151,4433,5718,
133951,Florida International University,49326,28335,12129,16206,48818,27906,12013,15893,47629,26655,11563,15092,45856,26312,11468,14844,41032,25638,11302,14336,41009,25644,11207,14437,39142,25954,11419,14535,
134097,Florida State University,33270,29879,12593,17286,32736,29301,12395,16906,33008,29286,12700,16586,32933,29281,12755,16526,32706,29185,12778,16407,32948,29211,12820,16391,32528,28910,12669,16241,
191241,Fordham University,9767,9229,3977,5252,9645,9149,3915,5234,9599,9132,3881,5251,9258,8763,3765,4998,8855,8329,3638,4691,8633,8058,3676,4382,8345,7694,3557,4137,
155061,Fort Hays State University,13128,5726,2329,3397,12780,5863,2385,3478,12494,5889,2455,3434,12045,5778,2391,3387,11831,5705,2315,3390,11643,5644,2340,3304,11433,5449,2312,3137,
232186,George Mason University,26662,21672,10849,10823,26192,21213,10571,10642,25010,20221,9891,10330,23817,19266,9353,9913,23066,18430,8883,9547,22349,17818,8555,9263,21990,17261,8280,8981,
131469,George Washington University,12484,11102,4198,6904,12546,11334,4325,7009,11999,10893,4294,6599,11504,10430,4366,6064,11157,10163,4336,5827,10740,9830,4274,5556,10357,9609,4215,5394,
131496,Georgetown University,7513,7029,3067,3962,7459,6990,3048,3942,7463,6987,3089,3898,7453,7056,3090,3966,7562,7175,3217,3958,7595,7226,3244,3982,7636,7300,3274,4026,
447689,Georgia Gwinnett College,12831,8556,3642,4914,12508,8203,3486,4717,12287,8289,3625,4664,12052,8154,3573,4581,11468,7794,3421,4373,10828,7527,3454,4073,9719,6832,3173,3659,
139755,Georgia Institute of Technology-Main Campus,15964,14310,8636,5674,16049,14318,8780,5538,15573,13974,8594,5380,15489,13815,8670,5145,15142,13668,8797,4871,14682,13253,8708,4545,14558,13291,8837,4454,
139931,Georgia Southern University,22715,19172,8483,10689,23130,19502,8907,10595,17759,15755,7791,7964,18005,15976,7866,8110,17963,15872,7946,7926,18004,15844,7906,7938,17904,15762,7896,7866,
139940,Georgia State University,27961,21958,8975,12983,27231,21057,8620,12437,25770,19882,8046,11836,25228,19208,7782,11426,25140,18813,7639,11174,25328,18982,7769,11213,24868,18410,7675,10735,
170082,Grand Valley State University,21112,18810,7438,11372,21680,19233,7623,11610,21937,19373,7791,11582,22209,19668,8019,11649,21972,19376,7849,11527,21636,19084,7821,11263,21235,18686,7730,10956,
166027,Harvard University,10063,7148,3627,3521,9950,7210,3707,3503,9965,7147,3732,3415,9915,7151,3818,3333,10255,7183,3787,3396,10338,7200,3831,3369,10534,7240,3786,3454,
191649,Hofstra University,6498,6156,2729,3427,6701,6329,2798,3531,6861,6494,2895,3599,6899,6497,2930,3567,6824,6417,2897,3520,6904,6474,2989,3485,6826,6378,2947,3431,
142276,Idaho State University,10353,5966,2630,3336,10401,6137,2763,3374,10557,6279,2897,3382,10966,6555,3195,3360,11200,6951,3584,3367,11517,7214,3754,3460,11418,7016,3462,3554,
145813,Illinois State University,18250,17092,7544,9548,18107,16917,7466,9451,18330,17165,7585,9580,18643,17456,7675,9781,18426,17151,7687,9464,18155,17040,7630,9410,17749,16683,7447,9236,
151324,Indiana State University,10214,8105,3564,4541,10950,8891,3983,4908,11583,9369,4346,5023,11202,9364,4328,5036,11257,9658,4576,5082,10881,9459,4403,5056,10268,9131,4261,4870,
213020,Indiana University of Pennsylvania-Main Campus,8491,7695,3134,4561,9373,8583,3555,5028,10258,9526,3986,5540,10743,10006,4316,5690,11597,10905,4839,6066,12295,11452,5168,6284,12668,11944,5355,6589,
151351,Indiana University-Bloomington,33084,31981,16133,15848,33301,32109,16156,15953,33429,32212,16234,15978,39184,32005,16131,15874,38364,31728,15877,15851,36419,31370,15629,15741,36862,31050,15417,15633,
151111,Indiana University-Purdue University-Indianapolis,21173,17630,7190,10440,21246,17555,7230,10325,21610,17521,7469,10052,21748,17389,7523,9866,21985,17051,7368,9683,22525,17262,7434,9828,22409,16760,7303,9457,
488679,Indiana Wesleyan University-National & Global,6925,6373,1695,4678,6316,5450,1487,3963,6575,5876,1731,4145,6970,6217,1845,4372,,,,,,,,,,,,,
153603,Iowa State University,28294,26713,15231,11482,29621,27929,16043,11886,30406,28590,16373,12217,30671,28872,16504,12368,30034,28771,16297,12474,28893,27440,15434,12006,27659,26177,14733,11444,
232423,James Madison University,19895,18798,7859,10939,19923,18881,7831,11050,19975,18905,7757,11148,19548,18554,7499,11055,19396,18433,7518,10915,19144,18057,7297,10760,18431,17526,7061,10465,
162928,Johns Hopkins University,6256,5762,2792,2970,6064,5595,2717,2878,6109,5668,2838,2830,6042,5621,2807,2814,6427,5875,2889,2986,6357,6049,2972,3077,6117,5865,2919,2946,
155399,Kansas State University,17210,15548,8163,7385,17869,16230,8654,7576,18488,16770,8915,7855,19472,17699,9279,8420,19859,17935,9388,8547,20327,18258,9560,8698,20169,18110,9496,8614,
185262,Kean University,12120,9817,3963,5854,11824,9609,3870,5739,11984,9516,3901,5615,11812,9239,3707,5532,11814,9192,3735,5457,11987,9283,3784,5499,12078,9251,3801,5450,
486840,Kennesaw State University,34499,25745,13174,12571,32274,24150,12374,11776,32945,24869,12869,12000,32166,24412,12498,11914,30480,22974,11625,11349,,,,,,,,,
203517,Kent State University at Kent,22262,18432,6948,11484,22557,18640,7057,11583,23178,19108,7371,11737,23684,19250,7433,11817,23607,19207,7686,11521,23328,18873,7697,11176,22968,18533,7706,10827,
226091,Lamar University,8701,5243,2278,2965,8904,5735,2509,3226,9268,5967,2652,3315,9308,6161,2709,3452,9215,6315,2785,3530,9279,6460,2862,3598,9382,6604,2955,3649,
232557,Liberty University,47025,28487,11635,16852,45935,27401,11232,16169,45754,26892,11171,15721,47050,27112,11502,15610,49863,27671,11883,15788,49744,27408,11679,15729,47464,25911,11029,14882,
192448,Long Island University,10707,5630,1887,3743,9918,5688,1914,3774,6316,2845,1151,1694,6280,2874,1176,1698,6224,3090,1230,1860,7117,3387,1333,2054,7983,3661,1457,2204,
159391,Louisiana State University and Agricultural & Mechanical College,25826,22726,10618,12108,25233,22418,10536,11882,25444,22060,10561,11499,26118,23212,11004,12208,26156,23602,11298,12304,25572,23195,11213,11982,24923,22811,10979,11832,
159647,Louisiana Tech University,10289,8131,4465,3666,10632,8147,4496,3651,10809,8112,4406,3706,11281,7850,4388,3462,10682,7386,4138,3248,9532,6891,3883,3008,9245,6585,3685,2900,
146719,Loyola University Chicago,12240,11622,3804,7818,11919,11189,3724,7465,11420,10681,3591,7090,11129,10362,3503,6859,11079,9774,3409,6365,10322,9331,3275,6056,10168,9339,3345,5994,
239105,Marquette University,8515,8175,3715,4460,8435,8121,3712,4409,8335,8026,3765,4261,8238,7974,3663,4311,8334,8002,3734,4268,8410,8078,3840,4238,8365,8046,3841,4205,
237525,Marshall University,9415,7123,3077,4046,9593,7460,3220,4240,9489,7846,3398,4448,9615,7997,3488,4509,9518,8005,3478,4527,9536,8142,3585,4557,9756,8268,3644,4624,
166683,Massachusetts Institute of Technology,4530,4501,2396,2105,4602,4557,2433,2124,4547,4510,2432,2078,4524,4476,2413,2063,4527,4492,2426,2066,4512,4476,2439,2037,4528,4499,2470,2029,
127565,Metropolitan State University of Denver,19194,12250,5736,6514,19437,12673,5968,6705,19666,12759,6109,6650,19940,12483,5863,6620,20186,12313,5843,6470,21196,12718,6037,6681,22289,13202,6305,6897,
204024,Miami University-Oxford,17246,16682,8354,8328,17327,16714,8365,8349,17147,16619,8281,8338,16981,16434,8100,8334,16387,16023,7871,8152,15813,15311,7522,7789,15462,15001,7215,7786,
171100,Michigan State University,39176,35722,17530,18192,39423,35744,17431,18313,38996,35404,17386,18018,39090,35447,17315,18132,39143,35645,17491,18154,38786,35341,17432,17909,37985,34838,17237,17601,
220978,Middle Tennessee State University,19461,15721,7363,8358,19252,15511,7157,8354,19523,15812,7333,8479,19693,16019,7346,8673,20140,16167,7507,8660,20262,16627,7686,8941,21162,17381,8106,9275,
173920,Minnesota State University-Mankato,12490,10413,5012,5401,12492,10545,5093,5452,12782,10832,5258,5574,13192,11009,5375,5634,13269,11065,5437,5628,13395,11186,5575,5611,13467,11419,5681,5738,
176080,Mississippi State University,18792,17113,8517,8596,18490,16839,8377,8462,18312,16803,8413,8390,18090,16695,8344,8351,17421,16023,8148,7875,16536,15146,7838,7308,16399,15048,7805,7243,
179566,Missouri State University-Springfield,19801,14005,5781,8224,20138,14924,6199,8725,20364,15363,6407,8956,20316,15131,6311,8820,18980,14540,6050,8490,18517,14097,5952,8145,18027,13805,5982,7823,
185572,Monmouth University,4450,4301,1756,2545,4630,4448,1880,2568,4706,4502,1888,2614,4707,4490,1924,2566,4693,4450,1862,2588,4634,4370,1775,2595,4607,4304,1761,2543,
180461,Montana State University,14760,12359,6664,5695,14851,12516,6803,5713,14652,12403,6787,5616,14340,12248,6757,5491,13633,11671,6466,5205,13298,11236,6129,5107,13174,11012,6108,4904,
185590,Montclair State University,16687,14859,5688,9171,16988,15133,5812,9321,16852,14944,5790,9154,16810,14968,5697,9271,16336,14433,5465,8968,15885,13879,5339,8540,15431,13356,5159,8197,
157386,Morehead State University,8958,5393,2135,3258,9395,5751,2318,3433,9661,5835,2416,3419,9752,5963,2456,3507,9780,6209,2575,3634,9951,6258,2594,3664,10076,6209,2565,3644,
157401,Murray State University,8139,6190,2450,3740,8056,6236,2529,3707,8559,6584,2731,3853,8877,6980,2982,3998,9268,7162,3038,4124,9444,7370,3106,4264,9172,7153,3044,4109,
119605,National University,7356,2856,1281,1575,7735,2884,1267,1617,7877,2899,1303,1596,8319,3027,1392,1635,8850,3241,1451,1790,9747,3803,1680,2123,10074,3724,1667,2057,
185828,New Jersey Institute of Technology,8794,6878,5153,1725,8532,6827,5203,1624,8483,6380,4883,1497,8211,6180,4778,1402,8008,6178,4861,1317,7550,5923,4653,1270,7317,5709,4495,1214,
188030,New Mexico State University-Main Campus,11675,9740,4240,5500,11687,9712,4341,5371,11713,9703,4408,5295,12027,9874,4629,5245,12526,10419,4962,5457,12784,10668,5036,5632,13582,11297,5366,5931,
193900,New York University,26981,25872,10969,14903,26733,25725,10900,14825,26417,25347,10814,14533,26135,24888,10616,14272,25722,24480,10518,13962,24985,23715,10285,13430,22615,21365,8567,12798,
199102,North Carolina A & T State University,11039,10013,4104,5909,10629,9591,4097,5494,10341,9347,4028,5319,9668,8747,3878,4869,9353,8494,3841,4653,9203,8423,3761,4662,8872,8098,3652,4446,
199193,North Carolina State University at Raleigh,25973,22820,11875,10945,25199,22317,11793,10524,24150,21384,11581,9803,23827,20951,11400,9551,24111,21023,11473,9550,24473,21402,11885,9517,24536,21469,11953,9516,
200332,North Dakota State University-Main Campus,10831,9638,5298,4340,11425,10237,5751,4486,11984,10782,5962,4820,12010,10680,5967,4713,12037,10676,5966,4710,12124,10865,6129,4736,11948,10707,6076,4631,
167358,Northeastern University,14202,14156,6862,7294,13909,13864,6725,7139,13825,13786,6701,7085,13473,13444,6632,6812,13697,13664,6785,6879,13510,13492,6678,6814,13223,13204,6418,6786,
482705,Northeastern University Lifelong Learning Network,3588,1929,800,1129,3994,2177,977,1200,3769,2127,987,1140,3221,1603,665,938,3491,1416,582,834,3689,1467,702,765,3519,1072,571,501,
105330,Northern Arizona University,26511,21731,8283,13448,27072,21891,8499,13392,27084,21990,8935,13055,26500,21494,8892,12602,25115,20357,8485,11872,23328,19173,8215,10958,22160,18577,7984,10593,
147703,Northern Illinois University,12131,10567,5072,5495,12788,11190,5514,5676,13457,11788,5836,5952,14079,12343,6195,6148,15027,13224,6714,6510,15435,13489,6846,6643,15814,13821,6919,6902,
157447,Northern Kentucky University,11868,8243,3460,4783,11914,8551,3630,4921,12329,8962,3955,5007,12380,9184,4062,5122,12531,9268,4200,5068,12809,9433,4342,5091,12794,9736,4478,5258,
160038,Northwestern State University of Louisiana,9825,6340,1894,4446,9994,6307,1980,4327,9443,5471,1821,3650,8832,5231,1753,3478,8059,5064,1756,3308,7898,4927,1733,3194,7836,5013,1767,3246,
147767,Northwestern University,8682,8284,4050,4234,8642,8161,4014,4147,8700,8205,4065,4140,8791,8298,4146,4152,8839,8247,4139,4108,9048,8398,4159,4239,9283,8489,4166,4323,
136215,Nova Southeastern University,5666,4619,1401,3218,4904,3685,1191,2494,4497,3154,1053,2101,4295,3051,1019,2032,4641,3194,1062,2132,4699,3162,1044,2118,5156,3452,1109,2343,
171571,Oakland University,15543,12454,5284,7170,15799,12656,5354,7302,15901,12549,5381,7168,16568,12968,5452,7516,16793,12887,5344,7543,16935,12454,5078,7376,16594,12252,4959,7293,
204796,Ohio State University-Main Campus,46818,42776,21877,20899,46820,42831,21958,20873,45946,42003,21719,20284,45831,41862,21651,20211,45289,41117,21421,19696,44741,40613,21205,19408,44201,40020,20989,19031,
204857,Ohio University-Main Campus,20989,16209,7261,8948,22309,17046,7768,9278,23167,17695,8279,9416,23585,17866,8335,9531,23368,17717,8447,9270,23571,17019,8170,8849,23504,16756,8127,8629,
207388,Oklahoma State University-Main Campus,20041,17291,8727,8564,20597,17722,8968,8754,20992,18221,9265,8956,21101,18414,9325,9089,21177,18347,9419,8928,20952,18201,9225,8976,20660,17793,9048,8745,
232982,Old Dominion University,19176,14702,6593,8109,19372,15003,6760,8243,19540,15036,6814,8222,19793,15203,7042,8161,20101,15358,7200,8158,20115,15261,7122,8139,19819,15102,7106,7996,
209542,Oregon State University,26247,18554,9979,8575,25699,18591,10067,8524,25838,18829,10256,8573,25327,18852,10261,8591,24612,18493,10005,8488,23903,18477,10018,8459,23157,18484,10143,8341,
194310,Pace University,8528,7837,2891,4946,8677,7943,2996,4947,8674,7878,3003,4875,8914,7691,2973,4718,8747,7579,2991,4588,8694,7262,2881,4381,8289,7116,2825,4291,
178721,Park University,9546,4151,2012,2139,9569,4011,1969,2042,9861,4134,1887,2247,9857,3931,1848,2083,10639,4181,1943,2238,9892,1180,525,655,10198,1168,546,622,
214777,Pennsylvania State University-Main Campus,76099,66409,36025,30384,40363,39321,20817,18504,40835,39785,21125,18660,41359,40139,21373,18766,40742,39520,21138,18382,40541,39357,21078,18279,40085,38826,20795,18031,
479956,Pennsylvania State University-World Campus,,,,,8346,2564,1112,1452,8513,2597,1122,1475,7919,2320,1005,1315,7242,2206,964,1242,6245,1795,759,1036,5389,1498,645,853,
209807,Portland State University,20320,13949,6169,7780,20357,14291,6387,7904,21167,13990,6395,7595,21071,14206,6598,7608,21980,14606,6937,7669,22136,14561,6998,7563,22927,14671,7118,7553,
151102,Purdue University Fort Wayne,9697,5370,2579,2791,9664,5702,2698,3004,9957,5913,2636,3277,11453,6384,2828,3556,12160,6656,3071,3585,12674,6971,3195,3776,12928,7418,3431,3987,
260901,Purdue University Global-Davenport,,,,,23186,3296,960,2336,25488,3127,892,2235,28995,3692,1117,2575,35205,4376,1123,3253,40477,5020,1148,3872,40349,6413,1575,4838,
490805,Purdue University Northwest,9106,5561,2709,2852,9573,5806,2897,2909,11134,6172,3072,3100,,,,,,,,,,,,,,,,,
243780,Purdue University-Main Campus,34596,32606,18757,13849,33735,31849,18339,13510,32132,30277,17533,12744,31105,29309,17072,12237,30560,28682,16609,12073,30237,28419,16474,11945,30446,28659,16593,12066,
130226,Quinnipiac University,6845,6543,2569,3974,7425,7051,2744,4307,7305,6959,2721,4238,7099,6784,2673,4111,6982,6703,2636,4067,6553,6335,2525,3810,6542,6307,2404,3903,
195003,Rochester Institute of Technology,13313,12254,8147,4107,13513,12486,8391,4095,13515,12447,8393,4054,13384,12253,8172,4081,13542,12471,8431,4040,13460,12211,8204,4007,13880,12106,8160,3946,
136950,Rollins College,2598,2482,979,1503,2571,2433,975,1458,2612,2453,972,1481,2642,2450,990,1460,2687,2480,1021,1459,2670,2452,997,1455,2608,2366,960,1406,
184782,Rowan University,16011,14055,7742,6313,16120,14043,7790,6253,15401,13634,7545,6089,14345,12731,7017,5714,13169,11710,6405,5305,12022,10499,5677,4822,10951,9348,4895,4453,
186380,Rutgers University-New Brunswick,36158,34285,17214,17071,36039,34052,16947,17105,35641,33677,16862,16815,36168,34020,17016,17004,35484,33392,16700,16692,34544,32411,16238,16173,33901,31759,15975,15784,
186399,Rutgers University-Newark,9319,7975,3456,4519,9142,7726,3454,4272,8551,7162,3220,3942,8170,6680,3102,3578,7713,6212,2956,3256,7408,5943,2884,3059,7217,5827,2929,2898,
174783,Saint Cloud State University,11346,6977,3364,3613,12128,7844,3769,4075,13128,8373,4067,4306,13878,8841,4236,4605,14233,9134,4440,4694,14377,9310,4612,4698,15134,9860,4914,4946,
137032,Saint Leo University,7843,5866,2277,3589,8662,6112,2471,3641,9671,6732,2730,4002,11017,7658,3100,4558,12021,8221,3354,4867,12581,8530,3647,4883,12640,8663,3748,4915,
179159,Saint Louis University,8332,6691,2632,4059,9782,6440,2565,3875,9910,6625,2640,3985,11779,6747,2785,3962,12401,6899,2900,3999,12374,7136,3042,4094,12567,7210,3034,4176,
227881,Sam Houston State University,18805,15311,5798,9513,18498,15073,5707,9366,18416,14808,5589,9219,17902,14497,5518,8979,17401,14117,5482,8635,16819,13552,5445,8107,16255,13359,5550,7809,
122409,San Diego State University,30848,27638,12234,15404,30586,27453,12313,15140,30249,27040,12325,14715,29860,26790,12180,14610,29253,26010,11867,14143,28394,25096,11272,13824,27099,24037,10764,13273,
122597,San Francisco State University,25924,21687,9486,12201,26531,22191,9557,12634,26680,22263,9568,12695,25945,21515,9262,12253,26906,22206,9397,12809,25938,21713,9237,12476,26156,22111,9399,12712,
122755,San Jose State University,27905,23593,11692,11901,27327,23099,11600,11499,27778,23097,11931,11166,26432,21613,11322,10291,26822,21638,11318,10320,26664,21341,10939,10402,25862,20852,10628,10224,
140951,Savannah College of Art and Design,12167,10260,3230,7030,11508,9752,3081,6671,10674,9013,2913,6100,10005,8411,2756,5655,9611,7981,2677,5304,9092,7570,2628,4942,8825,7347,2603,4744,
186584,Seton Hall University,6102,5782,2728,3054,6136,5777,2680,3097,5969,5554,2535,3019,5956,5494,2474,3020,6090,5588,2475,3113,5817,5348,2262,3086,5839,5380,2237,3143,
219356,South Dakota State University,10067,7971,3921,4050,10544,8169,4037,4132,10885,8425,4227,4198,10946,8474,4198,4276,10994,8559,4222,4337,10937,8620,4241,4379,10969,8646,4383,4263,
179557,Southeast Missouri State University,9524,7152,2899,4253,10041,7296,3060,4236,10458,7779,3323,4456,10693,7896,3424,4472,10587,7924,3542,4382,10848,8168,3623,4545,10605,7953,3466,4487,
160612,Southeastern Louisiana University,13257,9248,3490,5758,13331,9194,3454,5740,13317,8998,3427,5571,13544,9020,3465,5555,13554,9580,3687,5893,13365,9732,3730,6002,13730,9999,3934,6065,
130493,Southern Connecticut State University,7962,6801,2636,4165,8122,6877,2674,4203,7947,6814,2672,4142,7963,6830,2555,4275,8106,6869,2596,4273,8133,6802,2622,4180,8257,7016,2676,4340,
149222,Southern Illinois University-Carbondale,8466,7150,3776,3374,9552,8088,4317,3771,10987,9455,5000,4455,12182,10554,5668,4886,13031,11371,6124,5247,13461,11873,6407,5466,13306,11803,6403,5400,
149231,Southern Illinois University-Edwardsville,10400,8615,4057,4558,10833,8979,4301,4678,11402,9550,4554,4996,11720,9908,4729,5179,11781,9953,4661,5292,11421,9714,4546,5168,11229,9556,4480,5076,
228246,Southern Methodist University,6710,6519,3316,3203,6479,6273,3206,3067,6452,6240,3150,3090,6521,6296,3134,3162,6411,6160,3062,3098,6391,6193,3057,3136,6357,6119,3019,3100,
183026,Southern New Hampshire University,92902,27372,10318,17054,82693,24575,9327,15248,70661,19935,7835,12100,54150,21868,8806,13062,43567,18707,7432,11275,29353,14121,5911,8210,18083,9399,3949,5450,
230603,Southern Utah University,10274,7097,3170,3927,9271,6808,3049,3759,8550,6279,2880,3399,8407,5879,2693,3186,8035,5647,2648,2999,6953,5131,2428,2703,7017,5254,2468,2786,
195809,St John's University-New York,17086,11525,5016,6509,16877,11734,4998,6736,16761,11526,4956,6570,16429,11496,5025,6471,16206,11047,4925,6122,15762,10717,4945,5772,15773,10908,5164,5744,
243744,Stanford University,6996,6996,3468,3528,7087,7087,3537,3550,7064,7064,3513,3551,7034,7034,3621,3413,7000,7000,3667,3333,7019,7019,3704,3315,7274,6981,3706,3275,
228431,Stephen F Austin State University,11494,9213,3313,5900,11398,9376,3369,6007,10985,9567,3495,6072,11058,9592,3442,6150,10899,9439,3456,5983,11024,9335,3456,5879,11006,9333,3436,5897,
196097,Stony Brook University,17909,16697,8419,8278,17522,16341,8414,7927,17364,16212,8630,7582,17026,15858,8526,7332,16831,15714,8538,7176,16480,15385,8361,7024,15992,14892,8068,6824,
196060,SUNY at Albany,13286,12568,6024,6544,13598,12899,6280,6619,13508,12740,6267,6473,13139,12421,6271,6150,12907,12223,6200,6023,12929,12191,6272,5919,12822,12055,6229,5826,
196264,SUNY Empire State College,9095,3267,960,2307,9307,3599,1055,2544,9810,3772,1108,2664,10189,3841,1153,2688,10807,4278,1315,2963,10873,4249,1343,2906,10827,4218,1286,2932,
196413,Syracuse University,15275,14727,6827,7900,15226,14655,6727,7928,15252,14675,6749,7926,15218,14607,6635,7972,15196,14566,6566,8000,15224,14532,6487,8045,15097,14422,6448,7974,
228529,Tarleton State University,11350,8211,3113,5098,11315,8378,3233,5145,11288,8429,3262,5167,11463,8059,3147,4912,10750,8309,3189,5120,10217,8055,3153,4902,11348,7842,3149,4693,
216339,Temple University,28726,26247,11835,14412,29484,26784,12343,14441,29550,26613,12439,14174,29275,26277,12486,13791,28609,25318,12186,13132,28287,24990,12141,12849,28068,24743,12062,12681,
221847,Tennessee Technological University,8957,8004,4380,3624,9006,7999,4419,3580,9365,8259,4551,3708,9438,8441,4625,3816,9801,8709,4879,3830,10314,9264,5263,4001,10052,9140,5125,4015,
228723,Texas A & M University-College Station,53791,47667,25039,22628,53743,47399,24798,22601,53065,46724,24219,22505,50735,45091,23044,22047,48959,43531,22074,21457,47093,42129,21587,20542,44072,39641,20619,19022,
224554,Texas A & M University-Commerce,8390,6177,2526,3651,8270,6106,2463,3643,8494,6068,2471,3597,8318,6015,2460,3555,7884,5757,2390,3367,7374,5482,2270,3212,6969,5178,2189,2989,
224147,Texas A & M University-Corpus Christi,9323,7201,2870,4331,9776,7713,3129,4584,10174,8357,3513,4844,9960,8251,3439,4812,9554,7287,2983,4304,9076,7130,2956,4174,9152,7237,3070,4167,
228875,Texas Christian University,9474,9219,3816,5403,9445,9162,3751,5411,9011,8738,3531,5207,8891,8608,3388,5220,8894,8586,3398,5188,8647,8338,3320,5018,8640,8326,3338,4988,
228459,Texas State University,33917,27923,11430,16493,34187,28042,11625,16417,34180,28019,11701,16318,34244,28180,11896,16284,33480,27369,11519,15850,32177,26234,11340,14894,31005,25683,11207,14476,
229115,Texas Tech University,32125,28062,14540,13522,31957,27648,14662,12986,30737,27318,14548,12770,29963,26627,14545,12082,29237,26121,14355,11766,28632,25589,14064,11525,27044,24338,13471,10867,
229179,Texas Woman's University,10598,7040,703,6337,10388,6880,681,6199,10310,6968,684,6284,10407,7014,673,6341,10080,6941,710,6231,9680,6796,714,6082,9515,6722,657,6065,
193654,The New School,7409,6697,1620,5077,7436,6624,1656,4968,7125,6224,1591,4633,7106,6201,1620,4581,6962,6045,1622,4423,6940,6023,1718,4305,6777,5878,1628,4250,
100751,The University of Alabama,32795,29135,13182,15953,33028,29586,13333,16253,33305,29923,13413,16510,32563,29220,13135,16085,31958,28689,13092,15597,30752,27737,12834,14903,29440,26548,12353,14195,
180489,The University of Montana,7714,6163,2744,3419,8306,6752,3032,3720,9323,7444,3358,4086,10077,7857,3608,4249,10777,8682,3942,4740,11692,9281,4303,4978,12254,9446,4465,4981,
221740,The University of Tennessee-Chattanooga,10297,9224,3983,5241,10239,9099,3932,5167,10176,8962,3884,5078,10170,8875,3890,4985,10083,8763,3790,4973,10315,8985,3975,5010,10297,9066,4029,5037,
221759,The University of Tennessee-Knoxville,23290,22018,10679,11339,22815,21489,10517,10972,22317,20965,10477,10488,22139,20778,10501,10277,21863,20569,10382,10187,21664,20337,10207,10130,21182,19799,10030,9769,
228769,The University of Texas at Arlington,34820,19441,9048,10393,34472,19326,8935,10391,33307,17819,8559,9260,32775,16679,8047,8632,30633,16416,8000,8416,29883,15957,7650,8307,25690,15938,7634,8304,
228778,The University of Texas at Austin,40163,37515,16911,20604,40804,38097,17433,20664,40492,37740,17555,20185,40168,37234,17450,19784,39619,36565,17318,19247,39523,36309,17315,18994,39979,36899,17645,19254,
228787,The University of Texas at Dallas,20996,17943,10144,7799,19872,16691,9480,7211,18470,15294,8693,6601,17350,14323,8147,6176,15575,12754,7200,5554,14300,11630,6614,5016,13049,10635,6069,4566,
228796,The University of Texas at El Paso,21427,13858,6539,7319,21464,14044,6698,7346,21341,14025,6817,7208,20521,13341,6463,6878,20220,13203,6282,6921,19817,13106,6229,6877,19696,12973,6180,6793,
229027,The University of Texas at San Antonio,28275,22414,10915,11499,27988,22542,11095,11447,26444,21510,10606,10904,24724,20222,9921,10301,24462,20234,10068,10166,24285,20248,10330,9918,24342,20033,10455,9578,
228802,The University of Texas at Tyler,6995,4764,2075,2689,7333,4708,2054,2654,7440,4842,2149,2693,7032,4806,2096,2710,6318,4569,1979,2590,5849,4282,1828,2454,5591,4090,1789,2301,
227368,The University of Texas Rio Grande Valley,24965,19922,8354,11568,24678,19128,8185,10943,24220,18647,8061,10586,24023,17854,7710,10144,24547,17535,7603,9932,17858,13455,5797,7658,17230,13119,5751,7368,
138354,The University of West Florida,9521,6612,2980,3632,9733,6789,3045,3744,10002,6906,3052,3854,10078,7153,3142,4011,10193,7196,3170,4026,10072,7394,3158,4236,10158,7581,3287,4294,
187046,Thomas Edison State University,9544,69,9,60,10217,77,12,65,11141,62,12,50,11701,48,10,38,12283,84,31,53,20143,154,68,86,19596,138,68,70,
196592,Touro College,5689,3830,1225,2605,5982,3934,1207,2727,6426,4232,1344,2888,7087,4983,1517,3466,6834,4977,1518,3459,6485,4849,1556,3293,6827,5139,1660,3479,
164076,Towson University,19619,17209,6886,10323,19818,17350,6902,10448,19596,17106,6776,10330,19198,16893,6638,10255,18866,16760,6600,10160,18807,16575,6438,10137,18779,16588,6427,10161,
102368,Troy University,12995,8741,3299,5442,13452,9161,3556,5605,14000,9491,3799,5692,14144,9350,3724,5626,14190,8959,3532,5427,15114,9018,3467,5551,16316,9141,3614,5527,
168148,Tufts University,5907,5742,2686,3056,5643,5508,2627,2881,5541,5483,2694,2789,5508,5435,2701,2734,5290,5215,2603,2612,5177,5127,2532,2595,5180,5138,2537,2601,
160755,Tulane University of Louisiana,7980,7260,3012,4248,7920,6898,2817,4081,7871,6716,2765,3951,7924,6487,2717,3770,7841,6331,2667,3664,7892,6214,2648,3566,8290,6487,2740,3747,
196088,University at Buffalo,21921,20401,11549,8852,21607,19941,11407,8534,21020,19401,11172,8229,20412,18824,10843,7981,19953,18452,10432,8020,19882,18166,10027,8139,19831,18091,9945,8146,
200800,University of Akron Main Campus,14794,11641,6283,5358,15634,12408,6687,5721,16872,13563,7347,6216,17417,13827,7570,6257,19093,15227,8187,7040,19710,15515,8259,7256,20477,15870,8414,7456,
100663,University of Alabama at Birmingham,13836,10315,4043,6272,13836,10042,3988,6054,13134,9677,3933,5744,12369,8971,3688,5283,11511,8297,3421,4876,11679,8472,3577,4895,11502,8357,3501,4856,
102553,University of Alaska Anchorage,12103,5521,2534,2987,13885,6451,2950,3501,14955,6974,3219,3755,15546,7079,3347,3732,15917,7354,3459,3895,16291,7484,3492,3992,16380,7679,3519,4160,
104179,University of Arizona,34516,28972,13375,15597,34153,29027,13712,15315,34101,29325,13885,15440,33694,29149,13960,15189,33331,29597,14290,15307,32987,29450,14018,15432,31670,28401,13448,14953,
106397,University of Arkansas,23025,20559,9417,11142,23386,21005,9739,11266,23044,20464,9560,10904,22548,19853,9326,10527,22159,19607,9266,10341,21836,19243,9182,10061,21009,18565,9044,9521,
106245,University of Arkansas at Little Rock,7120,3786,1526,2260,7715,3996,1650,2346,8793,4603,1911,2692,8814,4785,2033,2752,9575,4860,2145,2715,9384,4921,2169,2752,9970,5552,2457,3095,
110635,University of California-Berkeley,31348,29991,13825,16166,30853,29570,14000,15570,30574,29351,14016,15335,29310,28108,13575,14533,27496,26622,12756,13866,27126,26320,12598,13722,25951,25220,12146,13074,
110644,University of California-Davis,30982,30171,11788,18383,30718,29967,11806,18161,30066,29284,11834,17450,29379,28564,11590,16974,28257,27453,11221,16232,27565,26810,11303,15507,26533,25826,11227,14599,
110653,University of California-Irvine,30382,29797,14210,15587,29736,29251,14183,15068,29307,28855,13619,15236,27331,26889,12567,14322,25256,24854,11431,13423,24489,24141,11094,13047,23530,23127,10534,12593,
110662,University of California-Los Angeles,31543,30969,12821,18148,31577,31009,12998,18011,31002,30458,12934,17524,30873,30343,13093,17250,29585,29004,12688,16316,29633,29033,12798,16235,28674,28084,12520,15564,
110671,University of California-Riverside,22055,21652,9934,11718,20581,20210,9194,11016,20073,19719,9077,10642,19799,19544,9109,10435,18607,18279,8737,9542,18790,18445,8875,9570,18621,18205,8858,9347,
110680,University of California-San Diego,30794,29966,14919,15047,30285,29491,14728,14763,28587,27880,14140,13740,28127,27386,14200,13186,26590,25922,13573,12349,24810,24159,12629,11530,23805,23152,11887,11265,
110705,University of California-Santa Barbara,23349,22846,10319,12527,23070,22601,10240,12361,22186,21777,9958,11819,21574,21199,9840,11359,20607,20243,9503,10740,20238,19914,9405,10509,19362,19076,9065,10011,
110714,University of California-Santa Cruz,17517,16994,8835,8159,17792,17255,8878,8377,17577,17082,8523,8559,16962,16509,8098,8411,16231,15823,7522,8301,16277,15825,7447,8378,15695,15323,7148,8175,
106704,University of Central Arkansas,9134,7634,2924,4710,9425,7863,3070,4793,9542,8064,3223,4841,9616,8010,3193,4817,9887,8281,3284,4997,9842,8172,3306,4866,9754,8285,3404,4881,
132903,University of Central Florida,59371,42468,19373,23095,58821,41852,19161,22691,56853,39962,18222,21740,55723,38508,17529,20979,54662,37661,17102,20559,52671,36477,16593,19884,51333,36229,16510,19719,
176965,University of Central Missouri,8904,6688,3014,3674,9300,7293,3287,4006,9801,7701,3445,4256,9786,7858,3567,4291,10001,8120,3680,4440,9838,8133,3677,4456,9974,8290,3800,4490,
206941,University of Central Oklahoma,13339,9732,3840,5892,13840,10116,4087,6029,14343,10448,4275,6173,14612,10546,4367,6179,15067,10686,4482,6204,14998,10726,4588,6138,15218,10962,4775,6187,
144050,University of Chicago,6891,6847,3491,3356,6632,6600,3371,3229,6310,6288,3209,3079,6001,5967,3075,2892,5883,5835,3053,2782,5738,5674,2987,2687,5703,5630,2982,2648,
201885,University of Cincinnati-Main Campus,28376,23712,12429,11283,26762,22990,12135,10855,26559,22622,11970,10652,25820,21558,11373,10185,25009,21017,11085,9932,24300,20682,10888,9794,23706,20332,10699,9633,
126614,University of Colorado Boulder,31098,28877,15616,13261,30159,28034,15367,12667,29056,26977,15005,11972,27901,25802,14310,11492,27142,25059,13779,11280,26557,24344,13500,10844,26096,23948,13092,10856,
126580,University of Colorado Colorado Springs,10706,8168,3985,4183,10951,8270,4083,4187,10808,8171,3990,4181,10619,7947,3925,4022,9970,7480,3697,3783,9629,7363,3562,3801,9220,6962,3331,3631,
126562,University of Colorado Denver/Anschutz Medical Campus,15818,8857,3994,4863,16443,8980,4131,4849,15586,8671,4033,4638,14622,8530,3910,4620,14036,8069,3689,4380,13509,7996,3742,4254,13010,7782,3716,4066,
129020,University of Connecticut,18847,18229,8930,9299,19133,18478,9034,9444,19241,18555,9136,9419,19324,18655,9245,9410,18826,18131,9046,9085,18395,17677,8851,8826,18032,17219,8707,8512,
202480,University of Dayton,8483,8046,4171,3875,8617,8162,4237,3925,8499,8079,4210,3869,8330,7873,4135,3738,8665,8205,4313,3892,8529,7898,4127,3771,7978,7458,3823,3635,
130943,University of Delaware,19678,18378,7749,10629,19956,18355,7779,10576,19750,18195,7719,10476,19215,17761,7541,10220,19100,17556,7442,10114,18951,17467,7377,10090,18487,16852,7173,9679,
127060,University of Denver,5774,5478,2495,2983,5801,5563,2538,3025,5765,5494,2551,2943,5754,5491,2545,2946,5758,5448,2518,2930,5643,5304,2500,2804,5517,5129,2353,2776,
134130,University of Florida,35405,32157,13757,18400,35491,32209,13784,18425,35247,31384,13584,17800,34554,31014,13547,17467,33402,30168,13227,16941,32829,29907,13198,16709,33168,30314,13427,16887,
139959,University of Georgia,29848,28175,11923,16252,29611,27947,11961,15986,28848,27142,11638,15504,27951,26328,11244,15084,27547,25906,11017,14889,26882,25371,10706,14665,26278,24746,10520,14226,
141574,University of Hawaii at Manoa,12631,10560,4463,6097,12968,10739,4581,6158,12881,10702,4697,6005,13132,10871,4808,6063,13689,11413,5080,6333,14126,11741,5207,6534,14499,12064,5409,6655,
225511,University of Houston,38597,28368,13882,14486,38348,28029,13908,14121,37215,27159,13538,13621,35995,25818,12939,12879,34830,24912,12465,12447,33037,23974,11963,12011,31706,22829,11297,11532,
225432,University of Houston-Downtown,13136,6629,2731,3898,12680,6201,2548,3653,12407,6320,2524,3796,12865,6329,2574,3755,13245,6643,2688,3955,13830,7069,2901,4168,13486,6896,2827,4069,
142285,University of Idaho,9392,6749,3446,3303,9568,6984,3617,3367,9885,7166,3744,3422,9586,7269,3890,3379,9116,7400,3943,3457,9283,7718,4162,3556,9540,8011,4295,3716,
145600,University of Illinois at Chicago,21641,20195,9688,10507,20783,19254,9324,9930,19448,17961,8805,9156,17959,16517,8154,8363,17575,16176,7988,8188,16718,15459,7662,7797,16671,15402,7592,7810,
145637,University of Illinois at Urbana-Champaign,34120,32854,17570,15284,33915,32757,17633,15124,33955,32613,17718,14895,33932,32540,17767,14773,33368,31989,17790,14199,32959,31742,17765,13977,32695,31516,17685,13831,
153658,University of Iowa,23482,21212,9717,11495,23989,21690,10075,11615,24503,21222,9981,11241,24476,20868,9906,10962,23357,19911,9501,10410,22354,19546,9384,10162,21974,19522,9390,10132,
155317,University of Kansas,19667,17257,8274,8983,19596,17333,8393,8940,19338,17151,8378,8773,19262,17141,8468,8673,19245,17191,8523,8668,19343,17335,8671,8664,19217,17193,8611,8582,
157085,University of Kentucky,22236,20622,9031,11591,22136,20484,9042,11442,22425,20657,9238,11419,22621,20833,9446,11387,22705,21199,9860,11339,22223,20690,9857,10833,21441,19884,9626,10258,
160658,University of Louisiana at Lafayette,14603,11929,5274,6655,15073,12423,5505,6918,15666,12767,5735,7032,15998,12876,5749,7127,15870,12867,5862,7005,15574,12498,5767,6731,15053,12295,5655,6640,
157289,University of Louisville,15860,11560,5206,6354,15641,11930,5500,6430,15546,12025,5676,6349,15826,12434,5985,6449,15768,12336,6013,6323,15961,12494,6007,6487,15954,12426,5975,6451,
161253,University of Maine,9430,8060,4293,3767,9365,8158,4338,3820,9279,8204,4370,3834,9323,8125,4309,3816,9297,8120,4286,3834,9339,8129,4276,3853,9182,7922,4165,3757,
163204,University of Maryland Global Campus,46162,9472,4874,4598,47253,9607,4962,4645,45604,9714,5055,4659,44219,9530,4915,4615,37355,8578,4255,4323,35154,8261,4197,4064,26740,5917,2874,3043,
163268,University of Maryland-Baltimore County,11060,9436,5233,4203,11260,9623,5340,4283,11234,9543,5292,4251,11142,9484,5267,4217,11243,9592,5231,4361,11379,9653,5305,4348,11136,9508,5222,4286,
163286,University of Maryland-College Park,30511,28390,14677,13713,30762,28501,15005,13496,29868,27708,14686,13022,29614,27485,14430,13055,27443,25410,13563,11847,27056,25027,13270,11757,26658,24522,12965,11557,
166629,University of Massachusetts-Amherst,24209,22491,11451,11040,23515,21784,11085,10699,23388,21577,10998,10579,23373,21460,11141,10319,22748,21098,10929,10169,22252,20684,10704,9980,22134,20505,10597,9908,
166638,University of Massachusetts-Boston,12595,9995,4422,5573,12714,10017,4598,5419,12660,9574,4563,5011,12847,9283,4367,4916,12949,9384,4334,5050,12700,9178,4224,4954,12366,8759,3926,4833,
166513,University of Massachusetts-Lowell,14170,10862,6586,4276,14004,10651,6608,4043,14012,10495,6586,3909,13637,10019,6275,3744,13863,9830,6181,3649,12983,9443,5929,3514,12732,9032,5580,3452,
220862,University of Memphis,17378,12066,5033,7033,17233,12064,5108,6956,17396,12400,5259,7141,17183,12412,5301,7111,16644,12054,5041,7013,17073,12372,5092,7280,17223,12318,5112,7206,
135726,University of Miami,11307,10701,4977,5724,11117,10484,4992,5492,10832,10216,4904,5312,10792,10164,4860,5304,11060,10419,5095,5324,11175,10535,5168,5367,11380,10637,5229,5408,
170976,University of Michigan-Ann Arbor,31266,30204,15026,15178,30318,29245,14588,14657,29821,28702,14310,14392,28983,27969,13963,14006,28312,27258,13706,13552,28395,27395,13844,13551,28283,27316,13853,13463,
174233,University of Minnesota-Duluth,9847,8535,4455,4080,9977,8799,4606,4193,10118,8906,4751,4155,9967,8755,4765,3990,9837,8621,4681,3940,9987,8869,4855,4014,10079,8989,4877,4112,
174066,University of Minnesota-Twin Cities,35165,29939,13874,16065,34633,30001,13930,16071,35433,29991,14201,15790,34871,29567,14211,15356,34071,29168,14134,15034,34351,28904,14125,14779,34449,28940,14135,14805,
176017,University of Mississippi,17150,15902,6853,9049,18007,16636,7167,9469,18737,17511,7723,9788,19213,17852,7799,10053,18785,17395,7599,9796,18101,16665,7361,9304,16677,15628,7024,8604,
178396,University of Missouri-Columbia,22589,20676,9689,10987,22484,20720,9755,10965,23799,22197,10634,11563,25877,24124,11507,12617,27791,26027,12433,13594,27642,25859,12344,13515,26928,25258,12102,13156,
178402,University of Missouri-Kansas City,11301,6487,2776,3711,11319,6606,2857,3749,11372,6760,2930,3830,11704,6669,2851,3818,11243,6636,2890,3746,10453,6817,3026,3791,10227,6813,2950,3863,
178420,University of Missouri-St Louis,13026,5098,2250,2848,13460,5383,2407,2976,13787,5492,2456,3036,13898,5434,2366,3068,13545,5711,2474,3237,13874,6071,2558,3513,13569,6035,2591,3444,
181394,University of Nebraska at Omaha,12245,9921,4471,5450,12430,9868,4534,5334,12624,9820,4595,5225,12536,9880,4672,5208,12488,9607,4521,5086,12221,9417,4512,4905,12335,9511,4503,5008,
181464,University of Nebraska-Lincoln,20478,19132,9943,9189,20830,19466,10208,9258,20954,19534,10175,9359,20833,19381,10022,9359,20182,18817,9905,8912,19979,18660,9887,8773,19376,18102,9697,8405,
182281,University of Nevada-Las Vegas,25827,19523,8317,11206,25282,18764,8051,10713,25279,18958,8064,10894,24714,18322,7804,10518,23796,17575,7638,9937,23803,17444,7676,9768,23097,16523,7255,9268,
182290,University of Nevada-Reno,17297,14788,6952,7836,17930,15200,7213,7987,18348,15572,7322,8250,18191,15408,7215,8193,17770,14950,7060,7890,16839,13999,6601,7398,15694,12934,6104,6830,
183044,University of New Hampshire-Main Campus,12238,11960,5281,6679,12815,12493,5640,6853,13005,12677,5677,7000,12857,12468,5648,6820,13030,12687,5811,6876,12831,12380,5629,6751,12516,12063,5552,6511,
187985,University of New Mexico-Main Campus,17330,12705,5614,7091,18621,13624,6035,7589,20354,15093,6707,8386,21023,15926,7171,8755,21347,16126,7275,8851,21792,16446,7463,8983,22416,17091,7702,9389,
199120,University of North Carolina at Chapel Hill,19154,18528,7429,11099,19117,18526,7464,11062,18862,18303,7467,10836,18522,17869,7364,10505,18415,17645,7299,10346,18350,17570,7355,10215,18370,17570,7296,10274,
199139,University of North Carolina at Charlotte,24070,20877,11149,9728,24387,21025,11287,9738,23914,20597,11060,9537,23404,20263,10736,9527,22732,19765,10423,9342,22216,18983,9972,9011,21503,18309,9549,8760,
199148,University of North Carolina at Greensboro,16581,14007,4697,9310,16641,14265,4857,9408,16439,14136,4864,9272,16281,14116,4894,9222,16091,13451,4641,8810,15313,12773,4416,8357,14753,12469,4302,8167,
199218,University of North Carolina Wilmington,14785,12480,4857,7623,14452,12157,4852,7305,14502,12346,4943,7403,13914,12023,4837,7186,13235,11635,4622,7013,12964,11690,4548,7142,12447,11408,4566,6842,
200280,University of North Dakota,10163,7628,4124,3504,10519,8184,4368,3816,11000,8525,4525,4000,11255,8827,4745,4082,11577,9120,4929,4191,11537,9079,4882,4197,11724,9385,5126,4259,
136172,University of North Florida,14734,10757,4620,6137,14583,10452,4572,5880,14255,10223,4457,5766,13846,9702,4237,5465,13817,9562,4273,5289,14121,9901,4376,5525,14263,10088,4464,5624,
482680,University of North Georgia,19036,13103,5735,7368,19041,13243,5781,7462,18173,12712,5620,7092,17704,12567,5650,6917,16729,11756,5300,6456,15507,10738,4894,5844,14851,10022,4589,5433,
227216,University of North Texas,32159,26055,12112,13943,31375,25394,11888,13506,31448,25592,12055,13537,31241,25486,11990,13496,30533,24918,11765,13153,29758,23762,11241,12521,31243,24126,11361,12765,
127741,University of Northern Colorado,9810,7752,2655,5097,10232,8064,2892,5172,10092,8328,2944,5384,10011,8348,3069,5279,9430,8196,3065,5131,9469,8339,3077,5262,9947,8733,3296,5437,
154095,University of Northern Iowa,8953,8228,3342,4886,9536,8745,3562,5183,9961,9100,3796,5304,10104,9146,3867,5279,10169,9127,3844,5283,10142,9122,3895,5227,10380,9330,3926,5404,
152080,University of Notre Dame,8732,8708,4531,4177,8617,8607,4499,4108,8576,8557,4493,4064,8530,8514,4491,4023,8462,8450,4407,4043,8448,8430,4405,4025,8477,8459,4452,4007,
207500,University of Oklahoma-Norman Campus,21768,18996,9236,9760,22152,19063,9353,9710,22032,19065,9538,9527,21609,18444,9339,9105,21297,18133,9137,8996,21011,18006,9178,8828,20985,17559,8846,8713,
209551,University of Oregon,18888,17419,7939,9480,19101,17550,8059,9491,19340,17801,8229,9572,20049,18330,8480,9850,20538,18630,8709,9921,20559,18673,8849,9824,20797,18892,8982,9910,
215062,University of Pennsylvania,11872,10448,4879,5569,11851,10605,4976,5629,11716,10496,5022,5474,11716,10468,5056,5412,11588,10406,5037,5369,11548,10406,5111,5295,11525,10319,5063,5256,
215293,University of Pittsburgh-Pittsburgh Campus,23385,18392,8488,9904,19330,18421,8742,9679,19326,18390,8885,9505,19123,18163,8729,9434,18908,17887,8763,9124,18757,17694,8726,8968,18615,17483,8691,8792,
217484,University of Rhode Island,14548,12596,5620,6976,14778,12485,5552,6933,15107,12629,5606,7023,14812,12485,5564,6921,13641,12293,5611,6682,13589,12139,5591,6548,13354,11829,5478,6351,
195030,University of Rochester,6780,6410,3221,3189,6535,6293,3208,3085,6546,6250,3198,3052,6386,6170,3128,3042,6304,6046,3077,2969,6266,5942,2976,2966,6177,5837,2887,2950,
122612,University of San Francisco,6577,6345,2341,4004,6704,6435,2359,4076,6845,6586,2460,4126,6745,6450,2452,3998,6782,6448,2438,4010,6845,6529,2462,4067,6392,6111,2306,3805,
102094,University of South Alabama,9601,8065,3201,4864,10293,8637,3523,5114,10988,9090,3995,5095,11761,9604,4449,5155,11524,9380,4153,5227,11479,9090,4053,5037,11307,8767,3838,4929,
218663,University of South Carolina-Columbia,27502,26400,12175,14225,26733,25633,11945,13688,26362,25243,11614,13629,25556,24382,11285,13097,25237,23613,10824,12789,24866,23179,10517,12662,24180,22533,10171,12362,
219471,University of South Dakota,7475,4899,1814,3085,7590,4969,1889,3080,7648,4908,1930,2978,7500,4943,1986,2957,7435,4961,1969,2992,7541,4876,1940,2936,7633,4732,1927,2805,
137351,University of South Florida-Main Campus,32684,25457,11262,14195,32240,24834,11072,13762,31772,24672,11190,13482,31461,24013,10913,13100,31111,24088,10791,13297,31067,23783,10662,13121,31100,23734,10434,13300,
123961,University of Southern California,20351,19622,9419,10203,19907,19194,9308,9886,19170,18631,8990,9641,18794,18195,8758,9437,18810,18208,8932,9276,18739,18057,8902,9155,18445,17729,8743,8986,
151306,University of Southern Indiana,9162,6133,2270,3863,9528,6481,2442,4039,9688,6588,2497,4091,9585,6765,2649,4116,9762,6904,2764,4140,8394,6978,2847,4131,8913,7375,3079,4296,
176372,University of Southern Mississippi,11594,9654,3369,6285,11920,9846,3463,6383,11815,10384,3766,6618,11779,10246,3685,6561,11840,10300,3666,6634,12005,10577,3776,6801,12475,10841,3882,6959,
174914,University of St Thomas,6355,6137,3245,2892,6395,6162,3274,2888,6199,5945,3184,2761,6048,5786,3137,2649,6143,5855,3202,2653,6148,5883,3204,2679,6321,6065,3200,2865,
156541,University of the Cumberlands,3874,2670,1138,1532,3262,1974,908,1066,3315,1828,832,996,3041,1742,800,942,2900,1670,790,880,2655,1697,809,888,2096,1514,795,719,
206084,University of Toledo,15568,12548,6337,6211,16065,12941,6611,6330,16194,13056,6655,6401,16223,12936,6622,6314,16064,12713,6593,6120,16090,12806,6587,6219,16153,13040,6715,6325,
230764,University of Utah,24485,18628,9774,8854,24743,18499,9768,8731,24635,18066,9599,8467,23789,17197,9350,7847,23794,16927,9565,7362,23907,17137,9445,7692,24492,17319,9474,7845,
231174,University of Vermont,11443,10501,4246,6255,11328,10434,4287,6147,11339,10395,4357,6038,11159,10183,4381,5802,10973,9991,4443,5548,10992,9898,4491,5407,10912,9764,4310,5454,
234076,University of Virginia-Main Campus,17010,16267,7360,8907,16777,15990,7280,8710,16655,15766,7250,8516,16331,15476,7088,8388,16736,15807,7056,8751,16483,15622,6963,8659,16087,15089,6767,8322,
236948,University of Washington-Seattle Campus,32046,29332,13348,15984,32099,29496,13656,15840,31331,28759,13511,15248,30933,28380,13458,14922,31063,28377,13460,14917,30672,27764,13243,14521,29756,27050,12831,14219,
141334,University of West Georgia,10411,8090,2945,5145,11135,8728,3217,5511,11229,8938,3330,5608,11155,9084,3312,5772,10753,8815,3248,5567,10249,8531,3127,5404,9959,8369,3090,5279,
240268,University of Wisconsin-Eau Claire,10591,9780,3725,6055,10888,9816,3748,6068,10183,9476,3656,5820,10085,9396,3610,5786,10017,9265,3686,5579,10196,9282,3785,5497,10404,9508,3920,5588,
240329,University of Wisconsin-La Crosse,9668,9098,3929,5169,9727,9168,3988,5180,9705,9094,3932,5162,9751,9194,3981,5213,9706,9182,4020,5162,9820,9292,4012,5280,9702,9188,3982,5206,
240444,University of Wisconsin-Madison,32399,30157,14410,15747,31705,29375,14166,15209,31358,28977,14019,14958,30958,28577,13958,14619,30991,28555,13963,14592,30694,28306,13764,14542,30728,28568,13872,14696,
240453,University of Wisconsin-Milwaukee,21107,17456,8237,9219,22337,18137,8627,9510,20360,17076,8121,8955,20968,17598,8522,9076,21898,18316,8959,9357,22674,18793,9200,9593,22648,18942,9391,9551,
240365,University of Wisconsin-Oshkosh,14267,8541,3487,5054,15097,9108,3764,5344,12410,7994,3225,4769,12484,8379,3485,4894,12702,8714,3699,5015,13311,9018,3825,5193,12622,9193,3945,5248,
240189,University of Wisconsin-Whitewater,11024,9571,4963,4608,11722,10156,5200,4956,11133,9830,5032,4798,11409,10128,5174,4954,11151,9995,5048,4947,10988,10017,5008,5009,10864,9889,4880,5009,
240727,University of Wyoming,9807,8332,4157,4175,9998,8457,4304,4153,9791,8281,4236,4045,9788,8102,4127,3975,10045,8394,4213,4181,10124,8272,4222,4050,10117,8255,4155,4100,
230728,Utah State University,24669,17063,7991,9072,24880,17393,8357,9036,24618,17188,8351,8837,24838,16991,8293,8698,25259,17091,8337,8754,24271,15823,7760,8063,24385,15260,7436,7824,
230737,Utah Valley University,41186,19799,10518,9281,39397,19261,10340,8921,36868,18404,9961,8443,34706,17804,9722,8082,33026,17173,9469,7704,31163,16259,9056,7203,30370,15751,8860,6891,
141264,Valdosta State University,8590,6797,2433,4364,8700,6984,2560,4424,8778,7166,2751,4415,8780,7185,2862,4323,8796,7256,2953,4303,9328,7815,3176,4639,9718,8277,3322,4955,
221999,Vanderbilt University,6886,6833,3300,3533,6861,6789,3298,3491,6885,6805,3322,3483,6871,6817,3369,3448,6883,6822,3439,3383,6851,6778,3383,3395,6835,6764,3387,3377,
216597,Villanova University,6865,6528,3077,3451,6917,6565,3071,3494,6950,6525,3073,3452,6999,6490,3055,3435,6977,6400,3044,3356,7118,6554,3145,3409,7042,6547,3163,3384,
234030,Virginia Commonwealth University,22837,19825,7624,12201,23693,20207,8016,12191,23663,20036,8180,11856,23865,20264,8366,11898,23741,20137,8575,11562,23661,20056,8757,11299,23356,19746,8621,11125,
233921,Virginia Polytechnic Institute and State University,29300,28584,16295,12289,27811,27180,15447,11733,27193,26603,15103,11500,25791,25213,14374,10839,25384,24841,14220,10621,24247,23685,13724,9961,24034,23512,13756,9756,
236939,Washington State University,26062,23092,10816,12276,26098,22877,10863,12014,25277,22166,10656,11510,24904,21652,10418,11234,24470,21384,10433,10951,23867,20843,10309,10534,23070,20312,10195,10117,
179867,Washington University in St Louis,7822,7139,3415,3724,7751,7146,3394,3752,7675,7074,3332,3742,7555,6915,3298,3617,7504,6819,3308,3511,7401,6686,3308,3378,7336,6587,3328,3259,
172644,Wayne State University,17643,13107,5404,7703,17574,12956,5396,7560,17297,12389,5391,6998,17220,12003,5293,6710,17587,11856,5308,6548,18347,12030,5367,6663,18602,12221,5393,6828,
230782,Weber State University,28843,11854,5245,6609,27465,11444,5226,6218,27111,11311,5294,6017,26112,10980,5195,5785,25318,10958,5302,5656,25316,11084,5344,5740,24498,10879,5301,5578,
179894,Webster University,2832,2170,929,1241,3058,2303,1017,1286,3074,2297,1001,1296,3138,2296,1025,1271,3260,2389,1078,1311,3459,2512,1147,1365,3528,2579,1182,1397,
216764,West Chester University of Pennsylvania,14615,13044,5254,7790,14567,13060,5269,7791,14451,13020,5278,7742,14397,12823,5149,7674,14212,12772,5129,7643,13844,12558,4986,7572,13711,12463,4963,7500,
229814,West Texas A & M University,7355,5582,2357,3225,7376,5484,2339,3145,7394,5615,2420,3195,7389,5650,2502,3148,7278,5681,2526,3155,7133,5654,2598,3056,6906,5523,2487,3036,
238032,West Virginia University,21086,19369,9814,9555,21155,19568,10171,9397,22504,20713,11064,9649,22350,20524,11128,9396,22498,20532,11201,9331,22563,20863,11434,9429,22757,21027,11587,9440,
200004,Western Carolina University,10469,8934,4090,4844,10027,8617,3985,4632,9406,8040,3726,4314,9171,7871,3611,4260,8821,7440,3417,4023,8787,7373,3448,3925,8448,7081,3252,3829,
433387,Western Governors University,98630,98630,35893,62737,88921,88921,32022,56899,72385,72385,26046,46339,63961,63961,23328,40633,54735,54735,20994,33741,44499,44499,17848,26651,35493,35493,14729,20764,
157951,Western Kentucky University,15895,11815,4858,6957,17030,12393,5249,7144,17656,12919,5567,7352,17595,13160,5769,7391,17310,13152,5859,7293,17452,13297,6052,7245,17509,13382,6091,7291,
172699,Western Michigan University,17051,14558,7427,7131,17760,14983,7737,7246,17936,15063,7671,7392,18313,15048,7684,7364,18567,15416,7880,7536,18889,15713,7957,7756,19198,15879,7927,7952,
237011,Western Washington University,15240,13887,5816,8071,15170,13893,5891,8002,14968,13728,5889,7839,14592,13413,5794,7619,14402,13247,5813,7434,14152,13050,5716,7334,14026,12942,5701,7241,
156125,Wichita State University,12623,8994,4144,4850,13006,8855,4118,4737,12398,8749,4081,4668,11585,8687,4070,4617,11501,8683,4090,4593,11876,8909,4348,4561,11670,8807,4240,4567,
187444,William Paterson University of New Jersey,8605,7165,3148,4017,8735,7270,3245,4025,8838,7285,3335,3950,9103,7499,3442,4057,9398,7721,3491,4230,9619,7883,3540,4343,10027,8269,3763,4506,
131113,Wilmington University,9302,3030,1277,1753,8902,3016,1235,1781,8440,3035,1293,1742,8862,3425,1421,2004,8801,3467,1409,2058,8810,3485,1452,2033,8611,3509,1446,2063,
206604,Wright State University-Main Campus,9371,7226,3333,3893,10925,8449,4024,4425,12115,9423,4520,4903,12504,9675,4653,5022,12722,9940,4831,5109,12682,9937,4882,5055,12796,9987,4858,5129,
130794,Yale University,6092,6088,2994,3094,5964,5939,2953,2986,5746,5743,2899,2844,5472,5469,2783,2686,5532,5509,2812,2697,5477,5470,2788,2682,5430,5424,2748,2676,
206695,Youngstown State University,10938,8715,4097,4618,11442,9008,4371,4637,11269,8834,4344,4490,11283,8756,4216,4540,11130,8581,4188,4393,11267,8772,4221,4551,12138,9437,4573,4864,